swin_split_2_512x512_10k_shot_5_seed0.py
pAcc:0.91375196995566
mIoU_S:0.7558839077844068
mIoU_U:0.4357912316513127
hIoU:0.5528479503478685
swin_split_2_512x512_10k_shot_5_seed1.py
pAcc:0.8981691573590657
mIoU_S:0.7414880711207195
mIoU_U:0.35923938862169913
hIoU:0.48399214352665265
swin_split_2_512x512_10k_shot_5_seed2.py
pAcc:0.8973754683780355
mIoU_S:0.748309117092694
mIoU_U:0.4078146023624741
hIoU:0.5279216746373568
swin_split_2_512x512_10k_shot_5_seed3.py
pAcc:0.9095156503233655
mIoU_S:0.7609770459669818
mIoU_U:0.4297250035893506
hIoU:0.5492740420349864
swin_split_2_512x512_10k_shot_5_seed4.py
pAcc:0.9092427732861139
mIoU_S:0.7513205376887291
mIoU_U:0.4023364460790937
hIoU:0.5240442163539185

Total results:
mean_pAcc: 0.9056110038604481
mean_mIoU_S: 0.7515957359307063
mean_mIoU_U: 0.40698133446078605
mean_hIoU: 0.5276160053801566
