swin_split_2_512x512_10k_shot_5_seed0.py
pAcc:0.8772609221735408
mIoU_S:0.7673882944742638
mIoU_U:0.23111707143756188
hIoU:0.35524403038615
swin_split_2_512x512_10k_shot_5_seed1.py
pAcc:0.8765130951882811
mIoU_S:0.765327286758865
mIoU_U:0.23970836821051492
hIoU:0.36507233181003435
swin_split_2_512x512_10k_shot_5_seed2.py
pAcc:0.8753396063227681
mIoU_S:0.7623633810132893
mIoU_U:0.2278331206438695
hIoU:0.3508225445559233
swin_split_2_512x512_10k_shot_5_seed3.py
pAcc:0.8774968842039571
mIoU_S:0.7669213281822072
mIoU_U:0.24864825450875788
hIoU:0.3755402935419968
swin_split_2_512x512_10k_shot_5_seed4.py
pAcc:0.8786895370215806
mIoU_S:0.767753716571584
mIoU_U:0.23701227949521314
hIoU:0.3622078357903658

Total results:
mean_pAcc: 0.8770600089820256
mean_mIoU_S: 0.7659508014000418
mean_mIoU_U: 0.23686381885918348
mean_hIoU: 0.36177740721689405
