swin_split_2_512x512_10k_shot_1_seed0.py
pAcc:0.7151877244273669
mIoU_S:0.6922043744712031
mIoU_U:0.2489516446352739
hIoU:0.3661994694820968
swin_split_2_512x512_10k_shot_1_seed1.py
pAcc:0.9042671653056497
mIoU_S:0.723430603438795
mIoU_U:0.37229842185095385
hIoU:0.49160342705665905
swin_split_2_512x512_10k_shot_1_seed2.py
pAcc:0.9060121793306367
mIoU_S:0.7528990222653078
mIoU_U:0.3941844001783208
hIoU:0.5174532970832456
swin_split_2_512x512_10k_shot_1_seed3.py
pAcc:0.895916194473434
mIoU_S:0.7265359176473081
mIoU_U:0.36630635065054384
hIoU:0.48705056224526444
swin_split_2_512x512_10k_shot_1_seed4.py
pAcc:0.8549205603141046
mIoU_S:0.708670117862389
mIoU_U:0.2548413753465951
hIoU:0.3748755853479235

Total results:
mean_pAcc: 0.8552607647702384
mean_mIoU_S: 0.7207480071370006
mean_mIoU_U: 0.32731643853233744
mean_hIoU: 0.44743646824303784
