swin_split_2_512x512_10k_shot_1_seed0.py
pAcc:0.8768678957727813
mIoU_S:0.7580858849806018
mIoU_U:0.24594532976647007
hIoU:0.37139818012496545
swin_split_2_512x512_10k_shot_1_seed1.py
pAcc:0.884611243142379
mIoU_S:0.7669086010080115
mIoU_U:0.2633915004182036
hIoU:0.39211334022680694
swin_split_2_512x512_10k_shot_1_seed2.py
pAcc:0.8833180091816851
mIoU_S:0.773728106022227
mIoU_U:0.21828379504795037
hIoU:0.3405045990589316
swin_split_2_512x512_10k_shot_1_seed3.py
pAcc:0.872534069886813
mIoU_S:0.7457677672127242
mIoU_U:0.18943402004191406
hIoU:0.3021247138021614
swin_split_2_512x512_10k_shot_1_seed4.py
pAcc:0.8733609742069579
mIoU_S:0.7564055925096701
mIoU_U:0.2128332151442905
hIoU:0.3321951885039078

Total results:
mean_pAcc: 0.8781384384381233
mean_mIoU_S: 0.7601791903466469
mean_mIoU_U: 0.2259775720837657
mean_hIoU: 0.3476672043433547
