swin_split_3_512x512_10k_shot_1_seed0.py
pAcc:0.9121123515420021
mIoU_S:0.7194640105202605
mIoU_U:0.3829746504413175
hIoU:0.4998672265244662
swin_split_3_512x512_10k_shot_1_seed1.py
pAcc:0.9103660430416648
mIoU_S:0.709569084237166
mIoU_U:0.37490504819211923
hIoU:0.4905991277554404
swin_split_3_512x512_10k_shot_1_seed2.py
pAcc:0.91399101504251
mIoU_S:0.7187751292910726
mIoU_U:0.4018850984376085
hIoU:0.5155264841960351
swin_split_3_512x512_10k_shot_1_seed3.py
pAcc:0.9140872390713888
mIoU_S:0.7179642182797383
mIoU_U:0.41444487886371223
hIoU:0.5255284406033561
swin_split_3_512x512_10k_shot_1_seed4.py
pAcc:0.9125189923932913
mIoU_S:0.7157346554484151
mIoU_U:0.39100288882980666
hIoU:0.5057284256105155

Total results:
mean_pAcc: 0.9126151282181715
mean_mIoU_S: 0.7163014195553306
mean_mIoU_U: 0.3930425129529128
mean_hIoU: 0.5074499409379627
