swin_split_3_512x512_10k_shot_5_seed0.py
pAcc:0.914133725845483
mIoU_S:0.7218493379595277
mIoU_U:0.4075819645467808
hIoU:0.5209927697584671
swin_split_3_512x512_10k_shot_5_seed1.py
pAcc:0.9132097440411022
mIoU_S:0.7214260948499734
mIoU_U:0.3740672998977393
hIoU:0.4926764737608444
swin_split_3_512x512_10k_shot_5_seed2.py
pAcc:0.9140135928160489
mIoU_S:0.7218668124141912
mIoU_U:0.40164612449973014
hIoU:0.5161222413825166
swin_split_3_512x512_10k_shot_5_seed3.py
pAcc:0.9146078550062815
mIoU_S:0.7223974749135087
mIoU_U:0.3994294702218384
hIoU:0.5144230880628095
swin_split_3_512x512_10k_shot_5_seed4.py
pAcc:0.9146515241526416
mIoU_S:0.7228299323235448
mIoU_U:0.40546369360706597
hIoU:0.5195124522092697

Total results:
mean_pAcc: 0.9141232883723115
mean_mIoU_S: 0.7220739304921491
mean_mIoU_U: 0.39763771055463093
mean_hIoU: 0.5127454050347815
