swin_split_3_512x512_10k_shot_1_seed0.py
pAcc:0.9114771765803666
mIoU_S:0.7120614302323941
mIoU_U:0.46100162798339595
hIoU:0.559665529081786
swin_split_3_512x512_10k_shot_1_seed1.py
pAcc:0.8862314934280038
mIoU_S:0.6326189136537583
mIoU_U:0.3164504120076263
hIoU:0.4218712173213252
swin_split_3_512x512_10k_shot_1_seed2.py
pAcc:0.9059767588915562
mIoU_S:0.6815903152943964
mIoU_U:0.4069629436291319
hIoU:0.5096342301811104
swin_split_3_512x512_10k_shot_1_seed3.py
pAcc:0.8930545913290887
mIoU_S:0.6483219677082945
mIoU_U:0.36942518173847283
hIoU:0.4706600472934231
swin_split_3_512x512_10k_shot_1_seed4.py
pAcc:0.8988250194251952
mIoU_S:0.6645011597324895
mIoU_U:0.38858995940572005
hIoU:0.49040101847371653

Total results:
mean_pAcc: 0.8991130079308419
mean_mIoU_S: 0.6678187573242665
mean_mIoU_U: 0.3884860249528694
mean_hIoU: 0.4904464084702723
