swin_split_3_512x512_10k_shot_5_seed0.py
pAcc:0.9150508146707114
mIoU_S:0.7191879630449682
mIoU_U:0.4937779257654348
hIoU:0.585538544659471
swin_split_3_512x512_10k_shot_5_seed1.py
pAcc:0.9140900771167152
mIoU_S:0.7144743542446531
mIoU_U:0.47756034300484185
hIoU:0.5724743054351289
swin_split_3_512x512_10k_shot_5_seed2.py
pAcc:0.9121849197484698
mIoU_S:0.7060891238128046
mIoU_U:0.4603134213453496
hIoU:0.5573072550402262
swin_split_3_512x512_10k_shot_5_seed3.py
pAcc:0.9060976473719045
mIoU_S:0.6881399928359031
mIoU_U:0.41880254215540524
hIoU:0.5207041363908588
swin_split_3_512x512_10k_shot_5_seed4.py
pAcc:0.9130062582329602
mIoU_S:0.7126260126268611
mIoU_U:0.4831406585318974
hIoU:0.5758625145386586

Total results:
mean_pAcc: 0.9120859434281522
mean_mIoU_S: 0.708103489313038
mean_mIoU_U: 0.4667189781605858
mean_hIoU: 0.5623773512128687
