swin_split_1_512x512_10k_shot_1_seed0.py
pAcc:0.9351194866288802
mIoU_S:0.7602976119309737
mIoU_U:0.6733971528777836
hIoU:0.7142137361189148
swin_split_1_512x512_10k_shot_1_seed1.py
pAcc:0.7686989261330591
mIoU_S:0.7445471707878352
mIoU_U:0.5159953952923767
hIoU:0.6095516677380383
swin_split_1_512x512_10k_shot_1_seed2.py
pAcc:0.7995021227292733
mIoU_S:0.750966366491099
mIoU_U:0.41935037902003575
hIoU:0.5381757231574112
swin_split_1_512x512_10k_shot_1_seed3.py
pAcc:0.923986863860154
mIoU_S:0.7385181090284725
mIoU_U:0.5595344265927735
hIoU:0.6366865674906698
swin_split_1_512x512_10k_shot_1_seed4.py
pAcc:0.9212302765599217
mIoU_S:0.7301233021431182
mIoU_U:0.5131169715801516
hIoU:0.6026810192591409

Total results:
mean_pAcc: 0.8697075351822579
mean_mIoU_S: 0.7448905120762997
mean_mIoU_U: 0.5362788650726242
mean_hIoU: 0.620261742752835
