swin_split_1_512x512_10k_shot_5_seed0.py
pAcc:0.9439604510910931
mIoU_S:0.7943090267228432
mIoU_U:0.6906878288519475
hIoU:0.738883149880277
swin_split_1_512x512_10k_shot_5_seed1.py
pAcc:0.9442844946145885
mIoU_S:0.795554044099662
mIoU_U:0.6924334362764951
hIoU:0.7404205045600708
swin_split_1_512x512_10k_shot_5_seed2.py
pAcc:0.9426120324619953
mIoU_S:0.7795056699172558
mIoU_U:0.6958268908197461
hIoU:0.7352932092869029
swin_split_1_512x512_10k_shot_5_seed3.py
pAcc:0.9450357803399796
mIoU_S:0.7876198477971632
mIoU_U:0.7056865521205606
hIoU:0.7444054814260814
swin_split_1_512x512_10k_shot_5_seed4.py
pAcc:0.9372796760587279
mIoU_S:0.7778236807019419
mIoU_U:0.635014896209213
hIoU:0.6992017799370607

Total results:
mean_pAcc: 0.942634486913277
mean_mIoU_S: 0.7869624538477732
mean_mIoU_U: 0.6839299208555925
mean_hIoU: 0.7316408250180786
