swin_split_1_512x512_10k_shot_1_seed0.py
pAcc:0.9124001130040229
mIoU_S:0.7851589937600365
mIoU_U:0.3288773187318725
hIoU:0.4635773210451633
swin_split_1_512x512_10k_shot_1_seed1.py
pAcc:0.908420801856263
mIoU_S:0.7799201391276191
mIoU_U:0.3354655834137922
hIoU:0.4691406016789834
swin_split_1_512x512_10k_shot_1_seed2.py
pAcc:0.9065255184356423
mIoU_S:0.7802327955248274
mIoU_U:0.32041102333580757
hIoU:0.4542708261661943
swin_split_1_512x512_10k_shot_1_seed3.py
pAcc:0.9256178374652422
mIoU_S:0.7835286618257089
mIoU_U:0.47360364288598217
hIoU:0.5903627281797327
swin_split_1_512x512_10k_shot_1_seed4.py
pAcc:0.9115141487564602
mIoU_S:0.7752844989688648
mIoU_U:0.3394401516032409
hIoU:0.47215729504245224

Total results:
mean_pAcc: 0.9128956839035262
mean_mIoU_S: 0.7808250178414113
mean_mIoU_U: 0.35955954399413903
mean_hIoU: 0.4899017544225052
