swin_split_1_512x512_10k_shot_5_seed0.py
pAcc:0.9120089241865683
mIoU_S:0.7860619772365417
mIoU_U:0.33394331640327113
hIoU:0.46874804086649585
swin_split_1_512x512_10k_shot_5_seed1.py
pAcc:0.9140211228240803
mIoU_S:0.7860102944415169
mIoU_U:0.34993352255117216
hIoU:0.48426928688001164
swin_split_1_512x512_10k_shot_5_seed2.py
pAcc:0.9134804445630171
mIoU_S:0.786672603883707
mIoU_U:0.34566306244513223
hIoU:0.48028807973829174
swin_split_1_512x512_10k_shot_5_seed3.py
pAcc:0.9139072008262167
mIoU_S:0.7864651810704437
mIoU_U:0.35391713275933157
hIoU:0.4881582229467095
swin_split_1_512x512_10k_shot_5_seed4.py
pAcc:0.9122789876796042
mIoU_S:0.7860263326059282
mIoU_U:0.3349542096344016
hIoU:0.4697366619114787

Total results:
mean_pAcc: 0.9131393360158973
mean_mIoU_S: 0.7862472778476275
mean_mIoU_U: 0.34368224875866177
mean_hIoU: 0.4782400584685975
