swin_split_3_512x512_10k_shot_1_seed0.py
pAcc:0.9312727714088797
mIoU_S:0.8102408667759875
mIoU_U:0.49280951032308085
hIoU:0.6128610402439805
swin_split_3_512x512_10k_shot_1_seed1.py
pAcc:0.9295800754223409
mIoU_S:0.80710688358517
mIoU_U:0.35327002888705133
hIoU:0.4914380302027885
swin_split_3_512x512_10k_shot_1_seed2.py
pAcc:0.9253032432034521
mIoU_S:0.8105340543790169
mIoU_U:0.37166422136365085
hIoU:0.5096378744424315
swin_split_3_512x512_10k_shot_1_seed3.py
pAcc:0.8241758111175399
mIoU_S:0.8017476685131726
mIoU_U:0.3592384797906431
hIoU:0.4961620154265504
swin_split_3_512x512_10k_shot_1_seed4.py
pAcc:0.9370900823803705
mIoU_S:0.8118567139089196
mIoU_U:0.4614415090337999
hIoU:0.5884314930080706

Total results:
mean_pAcc: 0.9094843967065167
mean_mIoU_S: 0.8082972374324532
mean_mIoU_U: 0.4076847498796452
mean_hIoU: 0.5397060906647643
