swin_split_3_512x512_10k_shot_1_seed0.py
pAcc:0.6851376797244778
mIoU_S:0.7729359211570841
mIoU_U:0.4827497624222355
hIoU:0.5943121550013656
swin_split_3_512x512_10k_shot_1_seed1.py
pAcc:0.9178975293067688
mIoU_S:0.7536066977317045
mIoU_U:0.33410978137204406
hIoU:0.4629650719774227
swin_split_3_512x512_10k_shot_1_seed2.py
pAcc:0.6839318534763178
mIoU_S:0.7620490395013297
mIoU_U:0.3546483518529163
hIoU:0.48403343283983913
swin_split_3_512x512_10k_shot_1_seed3.py
pAcc:0.22312085535893011
mIoU_S:0.729912331465181
mIoU_U:0.37554981792962405
hIoU:0.4959345615522062
swin_split_3_512x512_10k_shot_1_seed4.py
pAcc:0.9320187526437974
mIoU_S:0.7826342029504725
mIoU_U:0.49326948881137617
hIoU:0.6051390488299264

Total results:
mean_pAcc: 0.6884213341020584
mean_mIoU_S: 0.7602276385611544
mean_mIoU_U: 0.4080654404776392
mean_hIoU: 0.5284768540401521
