swin_split_3_512x512_10k_shot_5_seed0.py
pAcc:0.936096770599657
mIoU_S:0.8121022020612496
mIoU_U:0.44834862416324245
hIoU:0.5777375799176985
swin_split_3_512x512_10k_shot_5_seed1.py
pAcc:0.932202678398539
mIoU_S:0.8071919563443306
mIoU_U:0.396473913581899
hIoU:0.5317597880602531
swin_split_3_512x512_10k_shot_5_seed2.py
pAcc:0.9349522787986944
mIoU_S:0.8059741744053116
mIoU_U:0.4473881863336369
hIoU:0.5753855954416128
swin_split_3_512x512_10k_shot_5_seed3.py
pAcc:0.9357164071896271
mIoU_S:0.809647813639611
mIoU_U:0.43566454604465754
hIoU:0.5665001948182408
swin_split_3_512x512_10k_shot_5_seed4.py
pAcc:0.9338744096013286
mIoU_S:0.8100292980862712
mIoU_U:0.42675358936356667
hIoU:0.5590033852436969

Total results:
mean_pAcc: 0.9345685089175693
mean_mIoU_S: 0.8089890889073548
mean_mIoU_U: 0.43092577189740056
mean_hIoU: 0.5620773086963003
