swin_split_3_512x512_10k_shot_5_seed0.py
pAcc:0.9433840828787312
mIoU_S:0.7966208631922592
mIoU_U:0.6119013841319799
hIoU:0.6921486824106161
swin_split_3_512x512_10k_shot_5_seed1.py
pAcc:0.9392223772956505
mIoU_S:0.7885016607785775
mIoU_U:0.5940702955578026
hIoU:0.677614517667216
swin_split_3_512x512_10k_shot_5_seed2.py
pAcc:0.9385570659678155
mIoU_S:0.787556018006097
mIoU_U:0.5906345024938215
hIoU:0.6750267832524592
swin_split_3_512x512_10k_shot_5_seed3.py
pAcc:0.9388938419018543
mIoU_S:0.7864805742101099
mIoU_U:0.5437249347012804
hIoU:0.6429519288432046
swin_split_3_512x512_10k_shot_5_seed4.py
pAcc:0.9390045910058783
mIoU_S:0.7930174860692345
mIoU_U:0.557361606575679
hIoU:0.6546272857534227

Total results:
mean_pAcc: 0.9398123918099859
mean_mIoU_S: 0.7904353204512555
mean_mIoU_U: 0.5795385446921127
mean_hIoU: 0.6684738395853838
