swin_split_3_512x512_10k_shot_5_seed0.py
pAcc:0.9103161955318819
mIoU_S:0.7647954431250381
mIoU_U:0.09723992259416622
hIoU:0.17254199223671823
swin_split_3_512x512_10k_shot_5_seed1.py
pAcc:0.91083486771199
mIoU_S:0.7661103309974857
mIoU_U:0.09658973231987163
hIoU:0.17155068127383216
swin_split_3_512x512_10k_shot_5_seed2.py
pAcc:0.9086487520234702
mIoU_S:0.76200997030217
mIoU_U:0.07581016669797461
hIoU:0.13790096542909
swin_split_3_512x512_10k_shot_5_seed3.py
pAcc:0.9114231965499071
mIoU_S:0.7640354680134152
mIoU_U:0.11591270970751695
hIoU:0.2012878113787567
swin_split_3_512x512_10k_shot_5_seed4.py
pAcc:0.9106562464477218
mIoU_S:0.7649981918735647
mIoU_U:0.09375603590767997
hIoU:0.16704010443574466

Total results:
mean_pAcc: 0.9103758516529942
mean_mIoU_S: 0.7643898808623346
mean_mIoU_U: 0.09586171344544188
mean_hIoU: 0.17006431095082836
