swin_split_3_512x512_10k_shot_5_seed0.py
pAcc:0.9063065601760735
mIoU_S:0.7717919359225313
mIoU_U:0.0004235417902349977
hIoU:0.0008466189753092525
swin_split_3_512x512_10k_shot_5_seed1.py
pAcc:0.9063115543191442
mIoU_S:0.7718261672529789
mIoU_U:0.0003392737809916818
hIoU:0.0006782494219932749
swin_split_3_512x512_10k_shot_5_seed2.py
pAcc:0.9062716501767998
mIoU_S:0.7717048748654614
mIoU_U:0.0003819363765480729
hIoU:0.0007634948800549111
swin_split_3_512x512_10k_shot_5_seed3.py
pAcc:0.906296669894375
mIoU_S:0.7717620229913571
mIoU_U:0.0004877946717754031
hIoU:0.000974973108657977
swin_split_3_512x512_10k_shot_5_seed4.py
pAcc:0.9063110357123004
mIoU_S:0.7717910464921961
mIoU_U:0.0004895747502281179
hIoU:0.0009785287845416623

Total results:
mean_pAcc: 0.9062994940557386
mean_mIoU_S: 0.7717752095049051
mean_mIoU_U: 0.00042442427395565467
mean_hIoU: 0.0008483730341114157
