swin_split_3_512x512_10k_shot_1_seed0.py
pAcc:0.9085945188148664
mIoU_S:0.7660659816611093
mIoU_U:0.05770114524624557
hIoU:0.10731888426280124
swin_split_3_512x512_10k_shot_1_seed1.py
pAcc:0.9098776542344206
mIoU_S:0.7630231919609498
mIoU_U:0.0952942893785087
hIoU:0.16942857261573857
swin_split_3_512x512_10k_shot_1_seed2.py
pAcc:0.9075947019892537
mIoU_S:0.7615576423505763
mIoU_U:0.06682470183549023
hIoU:0.12286805178258448
swin_split_3_512x512_10k_shot_1_seed3.py
pAcc:0.9090384217720594
mIoU_S:0.7645193497475626
mIoU_U:0.07871153928986427
hIoU:0.14272839294160586
swin_split_3_512x512_10k_shot_1_seed4.py
pAcc:0.9134396297960572
mIoU_S:0.762930334940494
mIoU_U:0.12905049573637517
hIoU:0.22075931354192202

Total results:
mean_pAcc: 0.9097089853213314
mean_mIoU_S: 0.7636193001321384
mean_mIoU_U: 0.08551643429729679
mean_hIoU: 0.15262064302893044
