swin_split_3_512x512_10k_shot_1_seed0.py
pAcc:0.906311983088582
mIoU_S:0.7718023789895807
mIoU_U:0.00042641661525485004
hIoU:0.0008523623049736405
swin_split_3_512x512_10k_shot_1_seed1.py
pAcc:0.9062915246611214
mIoU_S:0.771735249311222
mIoU_U:0.00048082802004062843
hIoU:0.0009610572553844782
swin_split_3_512x512_10k_shot_1_seed2.py
pAcc:0.9062751293345237
mIoU_S:0.7717269598531895
mIoU_U:0.00025129897935137263
hIoU:0.0005024343500096233
swin_split_3_512x512_10k_shot_1_seed3.py
pAcc:0.906285628060472
mIoU_S:0.7717622799659112
mIoU_U:0.00014486313007214263
hIoU:0.0002896718874735774
swin_split_3_512x512_10k_shot_1_seed4.py
pAcc:0.9062737981075073
mIoU_S:0.771738543887694
mIoU_U:0.0001416659558374234
hIoU:0.0002832799107483108

Total results:
mean_pAcc: 0.9062876126504413
mean_mIoU_S: 0.7717530824015195
mean_mIoU_U: 0.0002890145401112834
mean_hIoU: 0.000577761141717926
