swin_split_0_512x512_10k_shot_5_seed0.py
pAcc:0.9210881946187909
mIoU_S:0.7877478403376204
mIoU_U:0.0020843294264219344
hIoU:0.0041576579609476924
swin_split_0_512x512_10k_shot_5_seed1.py
pAcc:0.9210467183218412
mIoU_S:0.7877414683829479
mIoU_U:0.0012296919084916294
hIoU:0.0024555506168210343
swin_split_0_512x512_10k_shot_5_seed2.py
pAcc:0.9210411606532236
mIoU_S:0.7877267893657774
mIoU_U:0.0011248883991315114
hIoU:0.0022465686567424625
swin_split_0_512x512_10k_shot_5_seed3.py
pAcc:0.921011812406086
mIoU_S:0.7877511377578508
mIoU_U:0.0003889676731034976
hIoU:0.000777551414848403
swin_split_0_512x512_10k_shot_5_seed4.py
pAcc:0.921032687352429
mIoU_S:0.787741813827356
mIoU_U:0.0009231776262319687
hIoU:0.0018441939876967402

Total results:
mean_pAcc: 0.9210441146704742
mean_mIoU_S: 0.7877418099343105
mean_mIoU_U: 0.0011502110066761084
mean_hIoU: 0.0022963045274112664
