swin_split_0_512x512_10k_shot_1_seed0.py
pAcc:0.9211343832960378
mIoU_S:0.7877205118807549
mIoU_U:0.003169365556268144
hIoU:0.0063133296544677885
swin_split_0_512x512_10k_shot_1_seed1.py
pAcc:0.9210252471818037
mIoU_S:0.787749433927786
mIoU_U:0.000651318400951237
hIoU:0.0013015606597040687
swin_split_0_512x512_10k_shot_1_seed2.py
pAcc:0.9209882709221916
mIoU_S:0.7876807522321727
mIoU_U:0.0002342736080138647
hIoU:0.00046840790119906926
swin_split_0_512x512_10k_shot_1_seed3.py
pAcc:0.9210100034074103
mIoU_S:0.7876583530195773
mIoU_U:0.0007941396823086969
hIoU:0.0015866796288289858
swin_split_0_512x512_10k_shot_1_seed4.py
pAcc:0.9209994025935005
mIoU_S:0.7877334332361184
mIoU_U:7.129827793832822e-05
hIoU:0.0001425836505354377

Total results:
mean_pAcc: 0.9210314614801888
mean_mIoU_S: 0.7877084968592818
mean_mIoU_U: 0.0009840791050960544
mean_hIoU: 0.0019625122989470702
