swin_split_0_512x512_10k_shot_1_seed0.py
pAcc:0.9265673126753389
mIoU_S:0.783294730276771
mIoU_U:0.17410222963267338
hIoU:0.2848836265651152
swin_split_0_512x512_10k_shot_1_seed1.py
pAcc:0.921588119365671
mIoU_S:0.7843512157390066
mIoU_U:0.08999294836432531
hIoU:0.1614606269600587
swin_split_0_512x512_10k_shot_1_seed2.py
pAcc:0.9210971538582816
mIoU_S:0.7792356975068938
mIoU_U:0.05370720742746114
hIoU:0.10048845603453072
swin_split_0_512x512_10k_shot_1_seed3.py
pAcc:0.9229821917310981
mIoU_S:0.7791976835303887
mIoU_U:0.1272031151109493
hIoU:0.21870318909884665
swin_split_0_512x512_10k_shot_1_seed4.py
pAcc:0.9217535222806996
mIoU_S:0.7823471382383231
mIoU_U:0.04872458383076461
hIoU:0.09173585795206025

Total results:
mean_pAcc: 0.9227976599822177
mean_mIoU_S: 0.7816852930582766
mean_mIoU_U: 0.09874601687323474
mean_hIoU: 0.1714543513221223
