swin_split_0_512x512_10k_shot_5_seed0.py
pAcc:0.9223623054625589
mIoU_S:0.7840016245050541
mIoU_U:0.10507595803516642
hIoU:0.1853150352990002
swin_split_0_512x512_10k_shot_5_seed1.py
pAcc:0.9246997195933631
mIoU_S:0.7834311439806727
mIoU_U:0.15867339650539247
hIoU:0.26389784827782004
swin_split_0_512x512_10k_shot_5_seed2.py
pAcc:0.9228392032488701
mIoU_S:0.7831992655785072
mIoU_U:0.09187342713912969
hIoU:0.16445536756056658
swin_split_0_512x512_10k_shot_5_seed3.py
pAcc:0.9212415348203028
mIoU_S:0.7840640303509239
mIoU_U:0.09179919319564792
hIoU:0.16435544606723781
swin_split_0_512x512_10k_shot_5_seed4.py
pAcc:0.9211506602006003
mIoU_S:0.7837021426724142
mIoU_U:0.08512736062564327
hIoU:0.15357327224528447

Total results:
mean_pAcc: 0.9224586846651391
mean_mIoU_S: 0.7836796414175144
mean_mIoU_U: 0.10650986710019597
mean_hIoU: 0.1863193938899818
