swin_split_2_512x512_10k_shot_1_seed0.py
pAcc:0.8561753111968765
mIoU_S:0.7359316613428588
mIoU_U:0.002176141390101411
hIoU:0.004339451073690093
swin_split_2_512x512_10k_shot_1_seed1.py
pAcc:0.8562405045690141
mIoU_S:0.7362304916408761
mIoU_U:0.002322777441571977
hIoU:0.004630944440623596
swin_split_2_512x512_10k_shot_1_seed2.py
pAcc:0.8560958010090349
mIoU_S:0.7362261945873708
mIoU_U:0.0009539937735091578
hIoU:0.001905518397319874
swin_split_2_512x512_10k_shot_1_seed3.py
pAcc:0.8561194364138538
mIoU_S:0.7362360475066877
mIoU_U:0.0014695809671034744
hIoU:0.0029333068393411527
swin_split_2_512x512_10k_shot_1_seed4.py
pAcc:0.8560823662333172
mIoU_S:0.7361480608412321
mIoU_U:0.001472578471126842
hIoU:0.0029392772603737197

Total results:
mean_pAcc: 0.8561426838844193
mean_mIoU_S: 0.7361544911838052
mean_mIoU_U: 0.0016790144086825727
mean_hIoU: 0.0033496996022696875
