swin_split_2_512x512_10k_shot_5_seed0.py
pAcc:0.8561697821128882
mIoU_S:0.7362197266609726
mIoU_U:0.0018796781719416897
hIoU:0.0037497825926868893
swin_split_2_512x512_10k_shot_5_seed1.py
pAcc:0.856271649564272
mIoU_S:0.7362762379154226
mIoU_U:0.0030044748805179325
hIoU:0.005984529079821218
swin_split_2_512x512_10k_shot_5_seed2.py
pAcc:0.8560810064216717
mIoU_S:0.7362285784284779
mIoU_U:0.0013623838343415702
hIoU:0.002719734825801278
swin_split_2_512x512_10k_shot_5_seed3.py
pAcc:0.8562848760805485
mIoU_S:0.7362561346185899
mIoU_U:0.002904532015401566
hIoU:0.0057862373123119815
swin_split_2_512x512_10k_shot_5_seed4.py
pAcc:0.856230475447688
mIoU_S:0.73619233580024
mIoU_U:0.0023323012682609505
hIoU:0.004649871466133988

Total results:
mean_pAcc: 0.8562075579254138
mean_mIoU_S: 0.7362346026847406
mean_mIoU_U: 0.002296674034092742
mean_hIoU: 0.004578031055351071
