swin_split_2_512x512_10k_shot_5_seed0.py
pAcc:0.8894129994081308
mIoU_S:0.7500444293465223
mIoU_U:0.2639412201308806
hIoU:0.390474247709761
swin_split_2_512x512_10k_shot_5_seed1.py
pAcc:0.8822039845119168
mIoU_S:0.7513903761283556
mIoU_U:0.24438474904537846
hIoU:0.3688148937707253
swin_split_2_512x512_10k_shot_5_seed2.py
pAcc:0.8686822788533727
mIoU_S:0.7508494247868189
mIoU_U:0.15054234253764678
hIoU:0.250800230039741
swin_split_2_512x512_10k_shot_5_seed3.py
pAcc:0.8807608078370658
mIoU_S:0.7510160461879025
mIoU_U:0.21665319629844526
hIoU:0.3362926498727182
swin_split_2_512x512_10k_shot_5_seed4.py
pAcc:0.8722314199165045
mIoU_S:0.7502211813017026
mIoU_U:0.166510170403842
hIoU:0.2725323105983234

Total results:
mean_pAcc: 0.8786582981053981
mean_mIoU_S: 0.7507042915502604
mean_mIoU_U: 0.20840633568323863
mean_hIoU: 0.32378286639825377
