swin_split_2_512x512_10k_shot_1_seed0.py
pAcc:0.8839791226525481
mIoU_S:0.7469213878869172
mIoU_U:0.19754898553778433
hIoU:0.3124577892655268
swin_split_2_512x512_10k_shot_1_seed1.py
pAcc:0.8715327625769642
mIoU_S:0.7507967853645958
mIoU_U:0.15229355460778526
hIoU:0.25322275340641903
swin_split_2_512x512_10k_shot_1_seed2.py
pAcc:0.8822512308204438
mIoU_S:0.7504765213986146
mIoU_U:0.1787511490737022
hIoU:0.28873126536288124
swin_split_2_512x512_10k_shot_1_seed3.py
pAcc:0.8677444457543918
mIoU_S:0.7509435985242088
mIoU_U:0.12209106866183088
hIoU:0.21003405682410137
swin_split_2_512x512_10k_shot_1_seed4.py
pAcc:0.8652414286161547
mIoU_S:0.7494707543930965
mIoU_U:0.10086628835575247
hIoU:0.17780322254912076

Total results:
mean_pAcc: 0.8741497980841004
mean_mIoU_S: 0.7497218095134865
mean_mIoU_U: 0.150310209247371
mean_hIoU: 0.24844981748160988
