swin_split_3_512x512_10k_shot_5_seed0.py
pAcc:0.9443095388332743
mIoU_S:0.8058807368462408
mIoU_U:0.6152454747828441
hIoU:0.697776837133902
swin_split_3_512x512_10k_shot_5_seed1.py
pAcc:0.9237588565236884
mIoU_S:0.7957174116122645
mIoU_U:0.5530387515367736
hIoU:0.6525457690835296
swin_split_3_512x512_10k_shot_5_seed2.py
pAcc:0.9340227311586591
mIoU_S:0.7990249727340669
mIoU_U:0.5759648112587137
hIoU:0.6694017264264881
swin_split_3_512x512_10k_shot_5_seed3.py
pAcc:0.938476183717773
mIoU_S:0.7951605844779963
mIoU_U:0.54247467519588
hIoU:0.6449508214943945
swin_split_3_512x512_10k_shot_5_seed4.py
pAcc:0.9380456992022238
mIoU_S:0.8007953662540215
mIoU_U:0.5598023070479448
hIoU:0.658956137142848

Total results:
mean_pAcc: 0.9357226018871238
mean_mIoU_S: 0.799315814384918
mean_mIoU_U: 0.5693052039644313
mean_hIoU: 0.6647262582562324
