swin_split_3_512x512_10k_shot_1_seed0.py
pAcc:0.24696251052787205
mIoU_S:0.7497607498661036
mIoU_U:0.3618363118351939
hIoU:0.4881097185973672
swin_split_3_512x512_10k_shot_1_seed1.py
pAcc:0.857069275057093
mIoU_S:0.7587210879994585
mIoU_U:0.32933537598588714
hIoU:0.4593028083661813
swin_split_3_512x512_10k_shot_1_seed2.py
pAcc:0.9101483465892986
mIoU_S:0.8063380480359492
mIoU_U:0.4570994063953565
hIoU:0.5834505567624245
swin_split_3_512x512_10k_shot_1_seed3.py
pAcc:0.2533664842617503
mIoU_S:0.747468701791117
mIoU_U:0.38697702245309074
hIoU:0.5099463225333419
swin_split_3_512x512_10k_shot_1_seed4.py
pAcc:0.6770748011192778
mIoU_S:0.7634154745712557
mIoU_U:0.3690962194646516
hIoU:0.4976085757506173

Total results:
mean_pAcc: 0.5889242835110584
mean_mIoU_S: 0.7651408124527769
mean_mIoU_U: 0.380868867226836
mean_hIoU: 0.5076835964019865
