swin_split_1_512x512_10k_shot_5_seed0.py
pAcc:0.905795536426032
mIoU_S:0.6838367472431115
mIoU_U:0.49631689307358834
hIoU:0.5751788888608949
swin_split_1_512x512_10k_shot_5_seed1.py
pAcc:0.9081979887552724
mIoU_S:0.6851657955580903
mIoU_U:0.5214442484782597
hIoU:0.5921975622756114
swin_split_1_512x512_10k_shot_5_seed2.py
pAcc:0.9051118696827408
mIoU_S:0.6842256558198518
mIoU_U:0.4869787557474787
hIoU:0.5689926629899801
swin_split_1_512x512_10k_shot_5_seed3.py
pAcc:0.9009208975228915
mIoU_S:0.6775322715478358
mIoU_U:0.4540186539036039
hIoU:0.5437003019226474
swin_split_1_512x512_10k_shot_5_seed4.py
pAcc:0.9054512754026648
mIoU_S:0.6855612453221992
mIoU_U:0.48694482570714415
hIoU:0.5694307421741895

Total results:
mean_pAcc: 0.9050955135579203
mean_mIoU_S: 0.6832643430982178
mean_mIoU_U: 0.48914067538201494
mean_hIoU: 0.5699000316446646
