swin_split_1_512x512_10k_shot_1_seed0.py
pAcc:0.9002737986873669
mIoU_S:0.6812696904713198
mIoU_U:0.4328717014378462
hIoU:0.5293805116548401
swin_split_1_512x512_10k_shot_1_seed1.py
pAcc:0.8971042369987214
mIoU_S:0.6786538858943754
mIoU_U:0.42549382163041044
hIoU:0.5230514604261751
swin_split_1_512x512_10k_shot_1_seed2.py
pAcc:0.8952656777329622
mIoU_S:0.6686440066811998
mIoU_U:0.3726874811212132
hIoU:0.47860888398314794
swin_split_1_512x512_10k_shot_1_seed3.py
pAcc:0.9043954245368097
mIoU_S:0.6765415463851341
mIoU_U:0.4685516479901983
hIoU:0.5536573932142137
swin_split_1_512x512_10k_shot_1_seed4.py
pAcc:0.8989168373376608
mIoU_S:0.6677794429554471
mIoU_U:0.44114570949459575
hIoU:0.5313037322629542

Total results:
mean_pAcc: 0.8991911950587042
mean_mIoU_S: 0.6745777144774951
mean_mIoU_U: 0.4281500723348528
mean_hIoU: 0.5232003963082662
