swin_split_1_512x512_10k_shot_1_seed0.py
pAcc:0.8998965346678446
mIoU_S:0.6155612853713555
mIoU_U:0.5485851161661608
hIoU:0.5801465499474017
swin_split_1_512x512_10k_shot_1_seed1.py
pAcc:0.9020110213591414
mIoU_S:0.6395051213020564
mIoU_U:0.538370145445447
hIoU:0.5845957970052199
swin_split_1_512x512_10k_shot_1_seed2.py
pAcc:0.8809228826845534
mIoU_S:0.5779745601002166
mIoU_U:0.36756601597342325
hIoU:0.4493594706896705
swin_split_1_512x512_10k_shot_1_seed3.py
pAcc:0.8952520714494694
mIoU_S:0.6030023129338524
mIoU_U:0.48022084851535396
hIoU:0.5346530478288598
swin_split_1_512x512_10k_shot_1_seed4.py
pAcc:0.8950871422225816
mIoU_S:0.5898733529756338
mIoU_U:0.5051148817290211
hIoU:0.5442137175177115

Total results:
mean_pAcc: 0.894633930476718
mean_mIoU_S: 0.605183326536623
mean_mIoU_U: 0.48797140156588126
mean_hIoU: 0.5385937165977727
