swin_split_1_512x512_10k_shot_5_seed0.py
pAcc:0.9109647195153474
mIoU_S:0.6616322314384958
mIoU_U:0.5975283904611426
hIoU:0.6279485483467884
swin_split_1_512x512_10k_shot_5_seed1.py
pAcc:0.9103024994109831
mIoU_S:0.6548705756540152
mIoU_U:0.5937517940988624
hIoU:0.6228153341095148
swin_split_1_512x512_10k_shot_5_seed2.py
pAcc:0.9070062016435615
mIoU_S:0.6379655694117319
mIoU_U:0.5796837364169785
hIoU:0.6074298457063321
swin_split_1_512x512_10k_shot_5_seed3.py
pAcc:0.9035879904326592
mIoU_S:0.614639173731817
mIoU_U:0.5541902671294775
hIoU:0.5828515880429459
swin_split_1_512x512_10k_shot_5_seed4.py
pAcc:0.9080813103824514
mIoU_S:0.6421482550070595
mIoU_U:0.590208603338921
hIoU:0.6150838893093389

Total results:
mean_pAcc: 0.9079885442770006
mean_mIoU_S: 0.6422511610486239
mean_mIoU_U: 0.5830725582890764
mean_hIoU: 0.6112258411029841
