swin_split_2_512x512_10k_shot_5_seed0.py
pAcc:0.9181292567285471
mIoU_S:0.7899831306125895
mIoU_U:0.4583679756937295
hIoU:0.5801300076266128
swin_split_2_512x512_10k_shot_5_seed1.py
pAcc:0.8983578077446598
mIoU_S:0.7666360203264497
mIoU_U:0.33525633172476044
hIoU:0.4665057879097966
swin_split_2_512x512_10k_shot_5_seed2.py
pAcc:0.888862055181671
mIoU_S:0.7589526979792509
mIoU_U:0.3631885550606909
hIoU:0.49128027864899415
swin_split_2_512x512_10k_shot_5_seed3.py
pAcc:0.9131907025945455
mIoU_S:0.7699841763712895
mIoU_U:0.4514898978380609
hIoU:0.5692140086588762
swin_split_2_512x512_10k_shot_5_seed4.py
pAcc:0.9180024716475494
mIoU_S:0.7859421658949413
mIoU_U:0.4531130018908368
hIoU:0.5748260825829719

Total results:
mean_pAcc: 0.9073084587793947
mean_mIoU_S: 0.7742996382369042
mean_mIoU_U: 0.41228315244161573
mean_hIoU: 0.5363912330854503
