swin_split_2_512x512_10k_shot_1_seed0.py
pAcc:0.6775987247041192
mIoU_S:0.737843556851262
mIoU_U:0.23016433669789044
hIoU:0.3508758016979119
swin_split_2_512x512_10k_shot_1_seed1.py
pAcc:0.9132434453189131
mIoU_S:0.7436725621270194
mIoU_U:0.4362032585892842
hIoU:0.5498754855850998
swin_split_2_512x512_10k_shot_1_seed2.py
pAcc:0.9097216474953574
mIoU_S:0.7559657742536703
mIoU_U:0.4105305677076906
hIoU:0.5321012116508173
swin_split_2_512x512_10k_shot_1_seed3.py
pAcc:0.9094849912668037
mIoU_S:0.7570121424675305
mIoU_U:0.40670038412955145
hIoU:0.529129182844789
swin_split_2_512x512_10k_shot_1_seed4.py
pAcc:0.8481148786192311
mIoU_S:0.7493091261947011
mIoU_U:0.3146189367421178
hIoU:0.44316312124298574

Total results:
mean_pAcc: 0.851632737480885
mean_mIoU_S: 0.7487606323788366
mean_mIoU_U: 0.3596434967733069
mean_hIoU: 0.48102896060432077
