swin_split_1_512x512_10k_shot_5_seed0.py
pAcc:0.8794633719358814
mIoU_S:0.7464799639733586
mIoU_U:0.00034269916622041907
hIoU:0.0006850838194397611
swin_split_1_512x512_10k_shot_5_seed1.py
pAcc:0.8794661283108387
mIoU_S:0.7464815118307122
mIoU_U:0.00037117406567175085
hIoU:0.0007419791959707596
swin_split_1_512x512_10k_shot_5_seed2.py
pAcc:0.8794655362006627
mIoU_S:0.7464774016950264
mIoU_U:0.00037569447711937015
hIoU:0.000751010978058789
swin_split_1_512x512_10k_shot_5_seed3.py
pAcc:0.8794647889167854
mIoU_S:0.7464813472158836
mIoU_U:0.00035432069156210346
hIoU:0.0007083051829188236
swin_split_1_512x512_10k_shot_5_seed4.py
pAcc:0.8794625021464504
mIoU_S:0.746479156990966
mIoU_U:0.0003300079885554792
hIoU:0.0006597243222207471

Total results:
mean_pAcc: 0.8794644655021238
mean_mIoU_S: 0.7464798763411894
mean_mIoU_U: 0.0003547792778258246
mean_hIoU: 0.000709220699721776
