swin_split_1_512x512_10k_shot_5_seed0.py
pAcc:0.8972169461916039
mIoU_S:0.7585073642910984
mIoU_U:0.16683545968808827
hIoU:0.2735114414226051
swin_split_1_512x512_10k_shot_5_seed1.py
pAcc:0.8966917036303014
mIoU_S:0.7584997206674109
mIoU_U:0.15216975232782806
hIoU:0.25348541497731775
swin_split_1_512x512_10k_shot_5_seed2.py
pAcc:0.8923412292395912
mIoU_S:0.7583822042100026
mIoU_U:0.10801763600250436
hIoU:0.18910126498878468
swin_split_1_512x512_10k_shot_5_seed3.py
pAcc:0.89947647945843
mIoU_S:0.7585191337216801
mIoU_U:0.1853982610474333
hIoU:0.2979670236877101
swin_split_1_512x512_10k_shot_5_seed4.py
pAcc:0.8923204808823203
mIoU_S:0.7585015262994121
mIoU_U:0.1289376967426234
hIoU:0.22040819751366364

Total results:
mean_pAcc: 0.8956093678804494
mean_mIoU_S: 0.7584819898379209
mean_mIoU_U: 0.1482717611616955
mean_hIoU: 0.24689466851801622
