swin_split_1_512x512_10k_shot_1_seed0.py
pAcc:0.8903812138844185
mIoU_S:0.7584840665084822
mIoU_U:0.08702007320236954
hIoU:0.15612777250971493
swin_split_1_512x512_10k_shot_1_seed1.py
pAcc:0.9014943296854842
mIoU_S:0.7581983321150814
mIoU_U:0.18695430967545412
hIoU:0.2999482612863923
swin_split_1_512x512_10k_shot_1_seed2.py
pAcc:0.8916664890676432
mIoU_S:0.75831344950955
mIoU_U:0.08240750443450164
hIoU:0.14865983453853374
swin_split_1_512x512_10k_shot_1_seed3.py
pAcc:0.8887450092921891
mIoU_S:0.7583937210106535
mIoU_U:0.06504526417875345
hIoU:0.1198143901901826
swin_split_1_512x512_10k_shot_1_seed4.py
pAcc:0.8926957725624287
mIoU_S:0.758605677016503
mIoU_U:0.11592208260578188
hIoU:0.20111231230510906

Total results:
mean_pAcc: 0.8929965628984327
mean_mIoU_S: 0.758399049232054
mean_mIoU_U: 0.10746984681937213
mean_hIoU: 0.18513251416598653
