swin_split_1_512x512_10k_shot_1_seed0.py
pAcc:0.8794630411708865
mIoU_S:0.7464820844790676
mIoU_U:0.0003434146128478903
hIoU:0.0006865133993174342
swin_split_1_512x512_10k_shot_1_seed1.py
pAcc:0.8794428849237915
mIoU_S:0.7464641496005591
mIoU_U:7.268696142745023e-05
hIoU:0.00014535976844455445
swin_split_1_512x512_10k_shot_1_seed2.py
pAcc:0.8794630289203311
mIoU_S:0.7464790458450543
mIoU_U:0.0003436190855142655
hIoU:0.0006869219672455603
swin_split_1_512x512_10k_shot_1_seed3.py
pAcc:0.8794624408936736
mIoU_S:0.7464756190565259
mIoU_U:0.0003612204226819158
hIoU:0.0007220914244813441
swin_split_1_512x512_10k_shot_1_seed4.py
pAcc:0.8794493695510984
mIoU_S:0.7464859456585684
mIoU_U:0.00017616172982744914
hIoU:0.00035224033516056887

Total results:
mean_pAcc: 0.8794561530919562
mean_mIoU_S: 0.746477368927955
mean_mIoU_U: 0.00025942056245979413
mean_hIoU: 0.0005186253789298923
