swin_split_2_512x512_10k_shot_5_seed0.py
pAcc:0.8776771592931997
mIoU_S:0.6836334529944141
mIoU_U:0.4053791135253363
hIoU:0.5089578057612141
swin_split_2_512x512_10k_shot_5_seed1.py
pAcc:0.8759573160759705
mIoU_S:0.6819928571542895
mIoU_U:0.41132306481420144
hIoU:0.5131534015914216
swin_split_2_512x512_10k_shot_5_seed2.py
pAcc:0.8750460135963932
mIoU_S:0.6811545392252287
mIoU_U:0.39601221124435665
hIoU:0.5008426321367968
swin_split_2_512x512_10k_shot_5_seed3.py
pAcc:0.8748613038061083
mIoU_S:0.6807995078638873
mIoU_U:0.3823405575156684
hIoU:0.4896763312182043
swin_split_2_512x512_10k_shot_5_seed4.py
pAcc:0.8750098540404723
mIoU_S:0.6818146477203821
mIoU_U:0.39640247278737156
hIoU:0.5013331864211787

Total results:
mean_pAcc: 0.8757103293624289
mean_mIoU_S: 0.6818790009916403
mean_mIoU_U: 0.3982914839773869
mean_hIoU: 0.5027926714257631
