swin_split_2_512x512_10k_shot_1_seed0.py
pAcc:0.8841271461130313
mIoU_S:0.656000419917911
mIoU_U:0.3727558151692245
hIoU:0.47538564129750915
swin_split_2_512x512_10k_shot_1_seed1.py
pAcc:0.8871361724406468
mIoU_S:0.6636301064373622
mIoU_U:0.41673336683083895
hIoU:0.5119699349874159
swin_split_2_512x512_10k_shot_1_seed2.py
pAcc:0.8839347307234214
mIoU_S:0.6545056493315402
mIoU_U:0.42353426742847977
hIoU:0.5142770066447242
swin_split_2_512x512_10k_shot_1_seed3.py
pAcc:0.8870182853463631
mIoU_S:0.647572483677761
mIoU_U:0.4004711132961486
hIoU:0.4948917663867773
swin_split_2_512x512_10k_shot_1_seed4.py
pAcc:0.8675378768898161
mIoU_S:0.6341396690761258
mIoU_U:0.3169355116542068
hIoU:0.42264036440218594

Total results:
mean_pAcc: 0.8819508423026559
mean_mIoU_S: 0.65116966568814
mean_mIoU_U: 0.38608601487577976
mean_hIoU: 0.4838329427437225
