swin_split_2_512x512_10k_shot_5_seed0.py
pAcc:0.9007791790149032
mIoU_S:0.6765567738727266
mIoU_U:0.5090722988333614
hIoU:0.5809849304396246
swin_split_2_512x512_10k_shot_5_seed1.py
pAcc:0.8925990462607799
mIoU_S:0.6692477225737852
mIoU_U:0.4631020890924731
hIoU:0.5474103766365912
swin_split_2_512x512_10k_shot_5_seed2.py
pAcc:0.8975078682969091
mIoU_S:0.6748930484586866
mIoU_U:0.5141391914896041
hIoU:0.5836493824449931
swin_split_2_512x512_10k_shot_5_seed3.py
pAcc:0.8967828028435189
mIoU_S:0.6618381679842911
mIoU_U:0.48897085846633265
hIoU:0.5624209920618811
swin_split_2_512x512_10k_shot_5_seed4.py
pAcc:0.8925406151952042
mIoU_S:0.6752079738468075
mIoU_U:0.45685824890602894
hIoU:0.5449757732881133

Total results:
mean_pAcc: 0.8960419023222631
mean_mIoU_S: 0.6715487373472594
mean_mIoU_U: 0.48642853735756003
mean_hIoU: 0.5638882909742406
