swin_split_2_512x512_10k_shot_1_seed0.py
pAcc:0.8691506992553708
mIoU_S:0.6783581013726583
mIoU_U:0.30792564621625146
hIoU:0.42357761088905127
swin_split_2_512x512_10k_shot_1_seed1.py
pAcc:0.8700134364499602
mIoU_S:0.6786038474029794
mIoU_U:0.3278663620219315
hIoU:0.4421221266533673
swin_split_2_512x512_10k_shot_1_seed2.py
pAcc:0.874997374808073
mIoU_S:0.6798392709160144
mIoU_U:0.3751803653688451
hIoU:0.4835215142583217
swin_split_2_512x512_10k_shot_1_seed3.py
pAcc:0.8728916880990473
mIoU_S:0.6789041085917487
mIoU_U:0.3215566455854587
hIoU:0.43641117739293367
swin_split_2_512x512_10k_shot_1_seed4.py
pAcc:0.8628250310713899
mIoU_S:0.6711014804670712
mIoU_U:0.24791369744855185
hIoU:0.36207290887869104

Total results:
mean_pAcc: 0.8699756459367682
mean_mIoU_S: 0.6773613617500944
mean_mIoU_U: 0.31608854332820774
mean_hIoU: 0.42954106761447297
