swin_split_0_512x512_10k_shot_1_seed0.py
pAcc:0.9351916464835024
mIoU_S:0.8124158406846687
mIoU_U:0.2561819096607998
hIoU:0.389531498523176
swin_split_0_512x512_10k_shot_1_seed1.py
pAcc:0.935335806935527
mIoU_S:0.8104463907330398
mIoU_U:0.24454771513151474
hIoU:0.37572307179466397
swin_split_0_512x512_10k_shot_1_seed2.py
pAcc:0.9339566394124614
mIoU_S:0.7764283775347102
mIoU_U:0.3393577492678008
hIoU:0.4722894116328541
swin_split_0_512x512_10k_shot_1_seed3.py
pAcc:0.9405426278144441
mIoU_S:0.8139278247745282
mIoU_U:0.36794234967508477
hIoU:0.5067875013479127
swin_split_0_512x512_10k_shot_1_seed4.py
pAcc:0.9326969883075432
mIoU_S:0.802439900899802
mIoU_U:0.2223106507914272
hIoU:0.34816460707560537

Total results:
mean_pAcc: 0.9355447417906957
mean_mIoU_S: 0.8031316669253499
mean_mIoU_U: 0.28606807490532543
mean_hIoU: 0.41849921807484247
