swin_split_0_512x512_10k_shot_5_seed0.py
pAcc:0.9353161325436097
mIoU_S:0.8124546858114653
mIoU_U:0.22045781969495062
hIoU:0.3468096042599984
swin_split_0_512x512_10k_shot_5_seed1.py
pAcc:0.9344070392475167
mIoU_S:0.8119723316002696
mIoU_U:0.21463161730497463
hIoU:0.33951736679778277
swin_split_0_512x512_10k_shot_5_seed2.py
pAcc:0.9326997732671296
mIoU_S:0.8109478175238634
mIoU_U:0.16569626990161546
hIoU:0.2751688771347075
swin_split_0_512x512_10k_shot_5_seed3.py
pAcc:0.933931546191554
mIoU_S:0.8074281197293217
mIoU_U:0.21940339680887702
hIoU:0.3450468149728392
swin_split_0_512x512_10k_shot_5_seed4.py
pAcc:0.934726713406265
mIoU_S:0.8117097622365196
mIoU_U:0.23368060061968499
hIoU:0.3628899433318816

Total results:
mean_pAcc: 0.9342162409312149
mean_mIoU_S: 0.8109025433802879
mean_mIoU_U: 0.21077394086602058
mean_hIoU: 0.33388652129944185
