swin_split_0_512x512_10k_shot_1_seed0.py
pAcc:0.9463496483194278
mIoU_S:0.813475164950817
mIoU_U:0.5274715095218963
hIoU:0.6399732090523371
swin_split_0_512x512_10k_shot_1_seed1.py
pAcc:0.9411340233747212
mIoU_S:0.792456583693959
mIoU_U:0.49708662780946433
hIoU:0.6109443520152917
swin_split_0_512x512_10k_shot_1_seed2.py
pAcc:0.9102910206406055
mIoU_S:0.6756678136621136
mIoU_U:0.3819565424643278
hIoU:0.48802912010464156
swin_split_0_512x512_10k_shot_1_seed3.py
pAcc:0.948268546727275
mIoU_S:0.8150645279836588
mIoU_U:0.5796488448348012
hIoU:0.6774886099454442
swin_split_0_512x512_10k_shot_1_seed4.py
pAcc:0.9372632684815747
mIoU_S:0.7735338365105106
mIoU_U:0.46659701066372106
hIoU:0.5820814417856913

Total results:
mean_pAcc: 0.9366613015087208
mean_mIoU_S: 0.7740395853602118
mean_mIoU_U: 0.49055210705884217
mean_hIoU: 0.5997033465806811
