swin_split_0_512x512_10k_shot_5_seed0.py
pAcc:0.9498802052900699
mIoU_S:0.8117738661545393
mIoU_U:0.6402508179403734
hIoU:0.7158816065334738
swin_split_0_512x512_10k_shot_5_seed1.py
pAcc:0.9499490574947433
mIoU_S:0.8104211002534935
mIoU_U:0.6612259405168703
hIoU:0.7282608388888142
swin_split_0_512x512_10k_shot_5_seed2.py
pAcc:0.9465603660387539
mIoU_S:0.799753483713767
mIoU_U:0.6022122123679996
hIoU:0.6870657621970703
swin_split_0_512x512_10k_shot_5_seed3.py
pAcc:0.9435577304175209
mIoU_S:0.7830519027430771
mIoU_U:0.6084830836621172
hIoU:0.684817616665879
swin_split_0_512x512_10k_shot_5_seed4.py
pAcc:0.945629781185031
mIoU_S:0.8084738924188088
mIoU_U:0.5467639406603124
hIoU:0.6523495146760444

Total results:
mean_pAcc: 0.9471154280852238
mean_mIoU_S: 0.802694849056737
mean_mIoU_U: 0.6117871990295345
mean_hIoU: 0.6936750677922563
