swin_split_1_512x512_10k_shot_5_seed0.py
pAcc:0.9479582238257891
mIoU_S:0.8053871554874568
mIoU_U:0.6956914403123545
hIoU:0.7465311300526499
swin_split_1_512x512_10k_shot_5_seed1.py
pAcc:0.9484859655003862
mIoU_S:0.8064371524060505
mIoU_U:0.6988559137608956
hIoU:0.7488021910186097
swin_split_1_512x512_10k_shot_5_seed2.py
pAcc:0.9459124464160198
mIoU_S:0.7986360139699225
mIoU_U:0.6859095679464794
hIoU:0.7379929453987696
swin_split_1_512x512_10k_shot_5_seed3.py
pAcc:0.9498270174621907
mIoU_S:0.8038663421743821
mIoU_U:0.7167676933337755
hIoU:0.7578226060637197
swin_split_1_512x512_10k_shot_5_seed4.py
pAcc:0.9434030916571403
mIoU_S:0.7986157363490077
mIoU_U:0.6576412864975409
hIoU:0.7213049235541232

Total results:
mean_pAcc: 0.9471173489723054
mean_mIoU_S: 0.8025884800773639
mean_mIoU_U: 0.6909731803702093
mean_hIoU: 0.7424907592175745
