swin_split_1_512x512_10k_shot_1_seed0.py
pAcc:0.9427011552522805
mIoU_S:0.7655618289702537
mIoU_U:0.673329073003987
hIoU:0.7164893959931451
swin_split_1_512x512_10k_shot_1_seed1.py
pAcc:0.7584661270735326
mIoU_S:0.7636266596196746
mIoU_U:0.5247234254062917
hIoU:0.6220247139722496
swin_split_1_512x512_10k_shot_1_seed2.py
pAcc:0.7164146542989034
mIoU_S:0.7660483674429694
mIoU_U:0.3718654985276924
hIoU:0.5006828136548066
swin_split_1_512x512_10k_shot_1_seed3.py
pAcc:0.8938160736000625
mIoU_S:0.7657013576594771
mIoU_U:0.410219382731122
hIoU:0.5342290981127148
swin_split_1_512x512_10k_shot_1_seed4.py
pAcc:0.8968641016124438
mIoU_S:0.7436185011558472
mIoU_U:0.46990380232900664
hIoU:0.5758924416500281

Total results:
mean_pAcc: 0.8416524223674446
mean_mIoU_S: 0.7609113429696445
mean_mIoU_U: 0.49000823639962
mean_hIoU: 0.5898636926765888
