swin_split_0_512x512_10k_shot_5_seed0.py
pAcc:0.9121285263586032
mIoU_S:0.7026055105782264
mIoU_U:0.3973772907538288
hIoU:0.5076433448308133
swin_split_0_512x512_10k_shot_5_seed1.py
pAcc:0.9111679848134928
mIoU_S:0.687770574561156
mIoU_U:0.4267078195463048
hIoU:0.5266626679723723
swin_split_0_512x512_10k_shot_5_seed2.py
pAcc:0.9117837671459845
mIoU_S:0.6930536571787981
mIoU_U:0.43614358075882914
hIoU:0.5353730837174778
swin_split_0_512x512_10k_shot_5_seed3.py
pAcc:0.9051561962755723
mIoU_S:0.6760219067124779
mIoU_U:0.36486231894664395
hIoU:0.47393343939986515
swin_split_0_512x512_10k_shot_5_seed4.py
pAcc:0.9103428200722099
mIoU_S:0.6981025257574531
mIoU_U:0.3845758404675847
hIoU:0.4959429761431351

Total results:
mean_pAcc: 0.9101158589331726
mean_mIoU_S: 0.6915108349576223
mean_mIoU_U: 0.4019333700946383
mean_hIoU: 0.5079111024127327
