swin_split_0_512x512_10k_shot_1_seed0.py
pAcc:0.9158904432343627
mIoU_S:0.7159590302616536
mIoU_U:0.3684076879627831
hIoU:0.48648636403497464
swin_split_0_512x512_10k_shot_1_seed1.py
pAcc:0.9148191607522653
mIoU_S:0.7106455885345546
mIoU_U:0.344874897467682
hIoU:0.46438478027075586
swin_split_0_512x512_10k_shot_1_seed2.py
pAcc:0.917538873880847
mIoU_S:0.7193905871312675
mIoU_U:0.37394247645807477
hIoU:0.492092861089099
swin_split_0_512x512_10k_shot_1_seed3.py
pAcc:0.9165394817411536
mIoU_S:0.7168557552659395
mIoU_U:0.3759532507143777
hIoU:0.49323212017964363
swin_split_0_512x512_10k_shot_1_seed4.py
pAcc:0.9145113369640739
mIoU_S:0.7164575427113724
mIoU_U:0.3193758978753606
hIoU:0.441807074433526

Total results:
mean_pAcc: 0.9158598593145404
mean_mIoU_S: 0.7158617007809575
mean_mIoU_U: 0.35651084209565564
mean_hIoU: 0.47560064000159985
