swin_split_0_512x512_10k_shot_1_seed0.py
pAcc:0.9052546784901567
mIoU_S:0.6768159537606362
mIoU_U:0.3487076344309763
hIoU:0.46027393791534976
swin_split_0_512x512_10k_shot_1_seed1.py
pAcc:0.8966297607388541
mIoU_S:0.6490783731258402
mIoU_U:0.309446557462678
hIoU:0.41909200622240517
swin_split_0_512x512_10k_shot_1_seed2.py
pAcc:0.8987674377314582
mIoU_S:0.6492181839322136
mIoU_U:0.3008736819980796
hIoU:0.41118690186559886
swin_split_0_512x512_10k_shot_1_seed3.py
pAcc:0.9005944978092475
mIoU_S:0.6696843055254991
mIoU_U:0.31146724573167545
hIoU:0.42518350174240077
swin_split_0_512x512_10k_shot_1_seed4.py
pAcc:0.8926123503639071
mIoU_S:0.6439368433048642
mIoU_U:0.25227648874972386
hIoU:0.36252557286357684

Total results:
mean_pAcc: 0.8987717450267247
mean_mIoU_S: 0.6577467319298107
mean_mIoU_U: 0.30455432167462665
mean_hIoU: 0.4156523841218663
