swin_split_0_512x512_10k_shot_5_seed0.py
pAcc:0.9180439152763514
mIoU_S:0.7216227319007321
mIoU_U:0.3984531610259364
hIoU:0.5134167432935607
swin_split_0_512x512_10k_shot_5_seed1.py
pAcc:0.9179526118872112
mIoU_S:0.7203711553555088
mIoU_U:0.401725178329219
hIoU:0.5158046099270595
swin_split_0_512x512_10k_shot_5_seed2.py
pAcc:0.9175915267678085
mIoU_S:0.7188932670920603
mIoU_U:0.38947828227660236
hIoU:0.5052336736119162
swin_split_0_512x512_10k_shot_5_seed3.py
pAcc:0.9176079016768139
mIoU_S:0.7217336793790068
mIoU_U:0.39518337035742823
hIoU:0.5107221668516344
swin_split_0_512x512_10k_shot_5_seed4.py
pAcc:0.9174285984649637
mIoU_S:0.7213044252052936
mIoU_U:0.38703614170195644
hIoU:0.5037637167842945

Total results:
mean_pAcc: 0.9177249108146297
mean_mIoU_S: 0.7207850517865203
mean_mIoU_U: 0.3943752267382285
mean_hIoU: 0.509788182093693
