swin_split_0_512x512_10k_shot_1_seed0.py
pAcc:0.9519657275849639
mIoU_S:0.8273628857636057
mIoU_U:0.5698349617057153
hIoU:0.6748654804754649
swin_split_0_512x512_10k_shot_1_seed1.py
pAcc:0.9440188454050027
mIoU_S:0.8125980977242843
mIoU_U:0.4485409923258489
hIoU:0.5780227732071306
swin_split_0_512x512_10k_shot_1_seed2.py
pAcc:0.9080273875212502
mIoU_S:0.740410539400254
mIoU_U:0.3846774147947718
hIoU:0.506305682362538
swin_split_0_512x512_10k_shot_1_seed3.py
pAcc:0.9552893645084432
mIoU_S:0.8307722094142906
mIoU_U:0.6593950862372562
hIoU:0.7352290098820535
swin_split_0_512x512_10k_shot_1_seed4.py
pAcc:0.936600039748152
mIoU_S:0.783932399822553
mIoU_U:0.41021011802932456
hIoU:0.5385906580676826

Total results:
mean_pAcc: 0.9391802729535623
mean_mIoU_S: 0.7990152264249974
mean_mIoU_U: 0.49453171461858336
mean_hIoU: 0.6066027207989739
