swin_split_0_512x512_10k_shot_5_seed0.py
pAcc:0.9537103577592161
mIoU_S:0.8159949533109936
mIoU_U:0.6803941644173044
hIoU:0.7420505774188331
swin_split_0_512x512_10k_shot_5_seed1.py
pAcc:0.9532792525488618
mIoU_S:0.8183302863386234
mIoU_U:0.6677683920071986
hIoU:0.7354223611145294
swin_split_0_512x512_10k_shot_5_seed2.py
pAcc:0.9501704331972377
mIoU_S:0.8028166940430572
mIoU_U:0.6382727423407504
hIoU:0.7111508834449949
swin_split_0_512x512_10k_shot_5_seed3.py
pAcc:0.9516069333194145
mIoU_S:0.8060952176845937
mIoU_U:0.6772492787783706
hIoU:0.7360763546234187
swin_split_0_512x512_10k_shot_5_seed4.py
pAcc:0.949476876172248
mIoU_S:0.8114636627093792
mIoU_U:0.5942726475845904
hIoU:0.6860897818825595

Total results:
mean_pAcc: 0.9516487705993957
mean_mIoU_S: 0.8109401628173295
mean_mIoU_U: 0.6515914450256429
mean_hIoU: 0.7221579916968671
